Mass (u),PC1,PC2,PC3,PC4,PC5
1,-0.034622524895788105,-0.09496367679890486,0.18237463337252371,-0.0004812610693372734,-0.0045707648387260415
2,0.005660306792746312,-0.012012120519018173,0.04076529002977005,0.0014602803801706033,-0.00973726455769922
3,0.010870528517152448,-0.004486453997350729,0.015071768457438217,-0.0004125782404979798,-0.015492154277857627
4,0.0014661377811059856,0.00016103160743533257,-0.003977024025342831,0.004324866027841166,-0.012297154964659345
5,0.0003491752171549972,-5.728350036950353e-06,-0.0026065703182315673,0.002180374625407176,-0.013508278948394785
6,-0.018566862633416524,0.0036895532199466333,0.02521842484188933,-0.013445433120447622,0.0028367876530512783
7,-0.05992764549539589,0.015008268301042182,0.07312066314871642,-0.047679275755346265,-0.0017937309214452145
8,-0.001738187880243351,-0.00028276268997113176,0.00338601209275936,-0.00745890607399788,-0.010642891633078367
9,-0.0032808277794691603,-0.0013645079817417288,0.006226369903355043,0.001358106404415096,0.01366061046791988
10,-0.001658987864328765,-0.004493641969637914,0.010847389090862481,0.0026067735256104837,-0.003903049225479088
11,-0.005421906116392185,-0.007118971310458634,0.01741497267103622,-0.00375366912392293,0.000440392218546343
12,0.021043598145532288,-0.03974790396504062,0.11182111674866085,-0.03282840390563683,0.02126137228339507
13,0.019444849134537638,-0.04153553358075064,0.10851118198966124,-0.03275806483481204,0.024515704878050056
14,0.020353424891257976,-0.0469670608579632,0.07946305796945584,-0.015992824408173054,0.026182356805494692
15,0.028208372673502003,-0.05004779720303411,-0.10932458889087396,-0.0011150278973671968,0.06347585968660902
16,-0.014924605601566375,-0.032192577801947855,0.03282404222611864,0.00847259746881148,-0.008186865156202601
17,-0.00794203225598561,-0.0349062235880371,-0.0024414524662588243,0.005345124919070071,0.016849543866239464
18,0.016572873122420544,-0.016565224258030874,-0.06900072353925774,-0.02769438682795904,0.11327868829665394
19,0.11782132864005643,-0.02208660375634221,-0.0757038810135517,-0.04456197406701129,0.07326097804606602
20,-0.0222288076284636,-0.011752011250277038,0.029895539329289095,0.033217353342941375,0.004493733123274398
21,0.002248206264682702,-0.0012271497543292443,0.006941447456628755,-0.009390319921215588,0.0012225709683045545
22,-0.002092731815497749,-0.001962698629526767,-0.0010223860974305672,0.000341979020779783,0.002906898485359601
23,0.24616054244142374,-0.198416551034532,0.11942542149491178,-0.25456798571763045,-0.2253530885501603
24,-0.05127949307221646,-0.076505307700602,0.1896856109252504,-0.11847585594933255,-0.07155525375130277
25,0.0013336671268599487,-0.030347390053978303,0.09711118188574111,-0.058486371873396746,-0.02425280832411344
26,0.008685848139922153,-0.042713295033505294,0.08603699023086617,-0.005924173179994341,-0.007668905946169604
27,-0.18685038639720292,-0.2501552113860898,0.21833788517252645,0.03795077698319427,-0.2389449501081787
28,-0.10874606105695121,-0.2823351240811967,0.3794155669054243,-0.0915425195732672,-0.04592898393662146
29,0.05339790558859164,0.04736272183379721,-0.029601916224219628,0.1594871027373278,-0.01297437251262207
30,-0.018672490329680387,-0.05196979331732243,-0.09223276943279524,-0.11691440100876754,0.0878526129481436
31,0.12701625520647422,0.05008585054862464,0.020328101391360598,-0.13282564891571577,0.202509494388862
32,-0.18589658079286547,-0.10112888440595401,-0.10182121076538961,0.13291435716201067,0.058727173342878844
33,0.048270833430112924,-0.005050804260455913,-0.014665136078881057,-0.01959359212512714,0.029670396561789627
34,0.00019930727244231642,-0.004286163151742685,-0.006427448001514502,-0.006391068948683386,0.010797248162428488
35,0.0009784829464990345,-0.0013974663199124615,0.0009621183404818031,0.00178598441320545,-0.004954481600211736
36,0.003621806731195574,-0.0020846120912719184,0.012754973411555763,0.0034460868117948294,0.005840181221919004
37,0.017432245223097515,-0.0049444001127199625,0.04659083435478077,-0.005379190978962362,0.006803798134288736
38,0.02483847113635731,-0.0012694600264177476,0.04919326889924723,0.014808342495184095,0.0008250773798498316
39,-0.4453138184226064,0.6017840512116095,-0.07765641109181992,-0.435294986316784,-0.16991492790067766
40,-0.11607606391774651,-0.06194875971733847,0.27557241096982327,0.10993913592890599,0.06516588866364957
41,0.05338301552405109,0.15386026748068918,0.0444498981092178,0.14252658594672443,-0.03672343223585151
42,0.03073265928363717,-0.02712762557680194,-0.10358325616181484,-0.059340386892517874,0.07993893554270537
43,0.22960024313698632,0.23953061018384464,-0.13833790792488412,0.2951789120964584,-0.1511200744297917
44,-0.01423464370048247,-0.06113412709030117,-0.0066086036608733025,-0.05961874790285526,0.06879904756128709
45,-0.003292432982364195,-0.10363837872288637,-0.07627784370603043,0.008142276078514053,-0.035615537241373285
46,-0.277000102519165,-0.0824873445373883,-0.05903104045327129,0.05224343024424164,0.20361255588233687
47,-0.023211002412407873,-0.005715095646881602,0.016301865633451318,0.05088180152133658,0.062350889364428466
48,-0.005830194169212377,-0.015113188492197767,0.01903009971820581,0.03174198900722921,0.0016936169361209878
49,0.013914839709465734,0.002245724796177377,0.02139086544772033,-0.0016618252793103854,0.019264789760644517
50,-0.0007817375025885913,0.012254085760912293,0.046127179381376456,0.03478772475660672,-0.007054826359140057
51,0.006732411335620408,0.021566049030440876,0.010950959255317484,0.07002378582478258,-0.020192608022588095
52,0.023955626445207708,-0.008674147997188898,-0.005054340045557658,0.027751593028925575,-0.03837461703089276
53,0.0952558142808004,0.051263351742705895,0.003925771874081496,0.08066168317267047,-0.09368254094492887
54,0.025943452698130448,-0.04258274863875276,-0.04197140343099346,-0.02248919455619586,-0.004095230384847677
55,0.12236852997160744,0.19741020832383752,0.023879944280122876,0.11945455875029286,-0.031472667651987446
56,-0.07737193219198359,-0.06024319715376992,0.112177875777904,0.11283725960071588,0.06444682185573794
57,0.10932010457452192,0.05934544771665136,-0.14513077059379786,0.18506056718183767,-0.04137797129573052
58,0.19495640372913042,0.00601813974848984,0.016180286394156546,-0.20670038039004093,0.11598651897007435
59,0.04715327926125388,0.08277078611655088,0.06004727531516943,-0.007887831171499214,0.24947607302268135
60,0.09180273050065642,-0.0010110329285395803,-0.011262412995273368,-0.08963617582459021,0.09940241651955165
61,0.03388040376321323,-0.05483323347962822,-0.09920135205674065,-0.00477186414038901,0.010862597602337465
62,0.02050632711552711,-0.007407387888753633,0.0011575348247400217,0.013294414576823994,-0.009071554589981478
63,0.005328136127217897,0.013841087781341176,0.008320794790142628,0.04936802000802061,-0.018921937607006417
64,0.004787862454484347,-0.009200039122378796,-0.007787347721648093,0.014872548333103575,-0.010520808531340731
65,0.04114548753217865,0.028688755500259545,0.004761411161934984,0.04905284764723162,-0.04941178529264947
66,0.08098240233479001,0.001027336420080399,-0.004402806703544128,-5.184802532743437e-05,-0.03716032904475789
67,0.0538779644605793,0.011072515423557618,-0.03830930895423868,0.07475817179538233,-0.13121523202312294
68,0.013768361029155317,-0.09911358362198372,-0.12444906234694032,-0.06975694894590016,0.02066533617335127
69,0.022916433508386392,-0.11346681843660454,-0.27002314270363786,-0.01063631409227308,-0.018644803836023714
70,0.13357758743662504,-0.003093524879769424,-0.03038580782826403,-0.09621364880296321,0.016175734113984104
71,0.10589300067375107,0.21080324550342058,0.14699139649732626,0.007623484883356066,0.13758721281635625
72,0.0773981843892461,0.0234111892361161,0.03238674128472275,-0.07440237309456077,0.10633930741830168
73,0.06125158368630873,0.0348336045814038,0.031895634482249184,0.025206473365703978,0.23494995854114367
74,0.026231188322095568,0.036758334272632164,0.0837530493949932,-0.10368192060242803,0.19554288952300106
75,0.057297677678054326,0.020919655529182672,0.02628943172236582,-0.01897813381989725,0.08036785051149184
76,0.0012188196339897772,0.021843332883815396,0.02179656387795795,-0.02869049889596978,0.029343089372687866
77,-0.009435841411939521,0.026367514951454105,0.009823972237042128,0.060573773134782384,-0.02262631236523325
78,-0.0034150076007974216,0.0027611189210760474,-0.013325415212762464,0.01956520040573897,-0.03138045834179095
79,0.036985395844055455,0.006746242121812083,-0.03777252969902723,0.060539147349984855,-0.1061821984393557
80,0.05214445997704791,-0.005597177173920976,-0.025716637649019,-0.009536449255460384,-0.04094505273860897
81,0.05888203477161415,-0.05355684010276972,-0.07975691422885468,-0.020366333822152895,-0.01792932129182471
82,0.0326185009093321,-0.09213473181848583,-0.11929652246193999,-0.07559836214952774,0.010050682444854126
83,-0.1200706614764711,-0.20266646355747586,-0.24252192321197438,0.00567759284246412,0.20864377963843497
84,0.06302840299891627,-0.025259459412897985,-0.04567957316033178,-0.09106607653861398,0.00786261905678039
85,0.1355288347279274,0.041287422055844576,0.013937291828109542,-0.1174319983129202,0.038662056172386
86,0.07821377129864278,0.003844766134442022,-0.0038504818479368967,-0.08282787616711895,0.04602469771319189
87,0.07022055201441395,-0.009287682767606362,-0.022514001913744596,-0.04686294475234695,0.02532295367144414
88,-0.10095023504862652,-0.022981283721362267,-0.018732762171810153,-0.03193254213677847,0.08402965726468144
89,0.003006359199948154,-0.005718326189155724,-0.00486621666314909,0.009456198340599698,0.012596717622989726
90,-0.0353690430793239,-0.020756252092292406,-0.03624791755401208,0.03489064202395618,-0.002735191301856796
91,-0.16178453264878936,-0.035710824435711136,-0.12034826032379241,0.14058008068508313,-0.06620822361539594
92,-0.02686792056205389,-0.009978786756136842,-0.034387745686042144,0.04198532308355942,-0.01931921265022815
93,0.02966069226925681,0.0017762312223711097,-0.015624776669130216,0.024173646756340927,-0.04948736087885591
94,0.015267090246895416,0.01349334255531374,0.0034501107098189694,-0.03810495544369124,-0.0467303984645156
95,0.02661318399211388,-0.04424357681236066,-0.05838144907782927,-0.04591003288377308,-0.024917902495012453
96,0.0003243117286000223,-0.008167012991613657,-0.027593950606065516,0.0006368373961907768,0.04501231775422898
97,0.04579160586042623,-0.021211354574363673,-0.030529949323611204,-0.1626116122962276,0.11922203407472683
98,0.12552792606059912,0.004338828938703678,-0.01611502299391928,-0.08529759827827946,0.03836041160825455
99,0.09664498269759567,0.004770692188875802,-0.02873690002600277,-0.04693099016152927,0.024340366630459836
100,-0.0004958410382930118,0.002476393071131868,-0.003467830738374107,-0.05272301216238485,-0.006799810821541604
101,0.039834038246136266,-0.012324945835320424,-0.026518682020743357,-0.0437869550884525,-0.017039261313784006
102,0.02565902891010129,0.10629161595081522,0.1555889198407992,-0.1445420595466054,0.2232348026845975
103,-0.02587555213162759,0.056038599711107334,0.044714742451610404,0.1327206798598746,0.15219097894429098
104,0.001450535252392548,-0.011043012925312751,-0.019316366981566406,-0.00395308123526097,-0.025472653772677
105,0.01621594945253189,0.0029485203476747584,-0.0012556768252839133,0.027308258471516928,0.00804329536087637
106,-0.04361325689653931,-0.017614051529874636,-0.04136786908272476,0.03459151661000279,-0.03218750351212531
107,0.016676562902733894,-0.00902892803193939,-0.02386256990812973,0.013289924416703833,-0.030207444440290086
108,-0.022639490479031264,-0.013817034953866597,-0.046765775434031945,0.032795940881723565,-0.024181445419525896
109,0.03498303772401724,-0.012401642158205545,-0.03098793705260652,-0.013153301499804097,-0.028071022282508733
110,0.08519298128562518,0.0006112149030224049,-0.01742074105998326,-0.04111823826707844,-0.006019998158606995
111,0.12822590280966278,0.01338881291885005,-0.024559403851715508,-0.017537603562921725,-0.023360288975188073
112,-0.018264459522589472,0.04101855736995117,0.023762758005136754,0.07603346033941608,0.08698384242144418
113,0.050697406653030776,0.01643801525601757,-0.010494069537412278,0.030793467365425712,0.04274698529401232
114,0.03266117232676748,0.007909891319229988,-0.003816279286137458,-0.025683492697042207,0.016183172881321036
115,-0.03892920206695435,0.06381977259025609,0.054424276968919966,0.12845957877789033,0.11055266129290098
116,-0.014161619779865608,0.0010222228527229052,-0.003047902925323627,0.009162558379340942,0.003016563754795091
117,0.025753683381901645,-0.00629146381625872,-0.0184066081713431,-0.015923255491049438,-0.01572996601616657
118,0.01052504684966487,-0.006561577589036588,-0.01167136294344132,-0.005917297350137759,0.006888601800076702
119,0.010256644051225521,0.017708785968485692,0.005774612502307379,0.07057942383460408,0.10210207866332736
120,0.03554610697844991,-0.013818495449923134,-0.022571053527908995,-0.012671040524376608,0.0007695568639144829
121,0.03332310218256792,-0.0361773632881127,-0.041426860742021065,-0.005922784366569579,-0.05325594796273213
122,0.06658450298604059,-0.002219107825594739,-0.0079372935792729,-0.03324169749954095,-0.019099270980111396
123,0.02224277638245401,-0.04236032874979256,-0.084735596268105,-0.007266794009805924,-0.12916288679290538
124,0.037438017263669465,-0.021511194000072162,-0.03784785254000509,-0.02868306815114292,-0.019960779150202862
125,-0.14981193348320263,-0.23061206790292244,-0.32756380896944104,-0.11626156319064021,0.18951903958071362
126,-0.0036338183829832827,-0.05938495823356687,-0.06352634703360083,-0.048075517970649254,0.04052515541168541
127,0.05144821713942969,0.018507604608628943,0.006065169640543121,-0.01908786693944309,0.0016634372237005193
128,0.009176670086924117,0.015041756390578769,0.01161711997031898,0.06921700455576188,0.02277513740409023
129,0.038129551197198665,0.008965439396317087,0.004543936647616067,0.030964566147187334,0.02409395928962592
130,0.016904179354398113,0.006642031167714703,-0.002546072271960753,-0.0015257434578598045,0.016999015388324885
131,0.01815107535597535,0.00900262107582447,0.0021316053432293325,0.0076071309972985685,0.0064950449835196895
132,0.007547878851061605,-0.0026683578847604386,-0.007848760574046102,0.012830131406045608,0.003584862083247894
133,0.008407348056284278,-0.009696638501237231,-0.016870190038760648,0.023352164467629097,0.01159798372785041
134,0.03104826004397921,0.00410846934599332,0.004824825645275122,-0.007929887993413737,0.009156661811707061
135,0.02307118735641255,-0.0016246617009541507,-0.008196080326010989,-0.0009477353097686343,-0.0020079668007382994
136,0.04884286084874393,0.00918927335391207,0.017647977365115218,-0.03277382556168793,0.026121731780243053
137,0.06588918884347342,-0.012976700539762027,-0.024452514377743723,-0.026024137872471653,0.010509886719239046
138,0.07780700208413886,-0.006133311283941876,0.01866265725801723,-0.06992020220688192,-0.00857229248512991
139,0.0455798148680668,-0.016145101767167155,-0.02101938444685882,-0.03775612296325269,-0.013967631399350271
140,0.06693319327985327,0.0026305763804514277,-0.0019599125987052233,-0.04109778773162111,0.0006677920099894835
141,0.052164077923470734,0.005804143336338281,0.0017918462593665351,-0.007566556954565433,-0.012990796564083256
142,0.011649947647507477,0.0030887688499895917,0.002705140796777353,0.011996883601970487,-0.0021436782041082078
143,0.011334668912207843,0.004370393953997395,0.005427579349050814,0.002025323094981181,0.0052236665745702985
144,-0.011990391353919598,-0.002135478824176346,-0.006757808559540428,0.05078743937344633,0.0369030092997085
145,-0.011099586766764471,-0.005720434688076501,-0.012298477667721798,0.05191362013927521,0.04910780487507305
146,0.0055813978404635235,-0.017793650541900415,-0.017410551298129677,0.004322909335015569,-0.003677737987186556
147,0.013378747207329593,0.0023442964697570168,0.0010384309739333627,0.014012961760010783,0.011589097791820997
148,0.02420889832851997,0.003579833704846101,0.012080240927308994,-0.0008186073257462372,0.002749401598846262
149,-0.019229766089363463,0.058570683052519265,0.06055840008821183,-0.03568975657864717,0.05463806227535267
150,0.028610144999893235,0.011754095296891377,0.012073944057477248,-0.02691677578901929,0.006129569660000551
151,0.024652791153924332,-0.0004071446699631758,-0.012409047052998891,0.011619758182903386,-0.023581294119552034
152,0.029811327434642154,0.012840982899846606,0.01294977390675018,-0.010738049720618812,0.014577377084447367
153,-0.005233614920518358,-0.004325738546455508,-0.03147962935363667,0.015163910168549852,-0.048590815897666
154,0.03381509812020599,-0.0036487127902699707,0.0035369821748932944,-0.025851842640067114,-0.004678263906968192
155,0.007050801636091222,0.01796842671397637,0.030563006739947295,0.028271438203363048,0.06058791653002655
156,0.0182989437938668,-0.004021467921828346,-0.009551048716826096,-0.004351348025229028,-0.004963962553140198
157,0.01777075853808822,-0.003046959420373894,-0.010960934804534576,-0.004676659913035695,-0.0016772956874294032
158,0.014009847650847668,-0.004287555286589035,-0.0022764096850217586,0.0005919409539732339,-0.0024340361480037556
159,-0.03741832699718971,0.0027902712433141358,0.005180398935728695,0.04729125019230757,0.1222497714953963
160,0.019269417186318062,-0.009100757967219588,-0.00880589039695768,-0.021735846240449812,0.0057773058304084
161,0.007695938817904734,0.012717304274315938,0.010126487027612065,0.012619749088728094,0.028027909096705297
162,0.023336428265062874,-0.0008200524362406923,-0.0012310398009320101,0.004434746786989661,0.003269294636962294
163,0.012786281878634618,-0.02416670591577012,-0.01916549648516511,0.020931188471827015,-0.015221490541834637
164,0.02836061418318063,-0.004760946067412148,-0.0020975164088722826,-0.010755392605919246,-0.0011697688341556318
165,0.015558937225047337,-0.005596421818961173,0.006494059641174488,-0.029846046244551717,0.0561628914301175
166,0.02752919613364768,0.00038213055055871337,0.002574018627583769,-0.009539078075434552,0.014285778292220283
167,-0.005618104364613415,-0.011981865241536846,-0.02735228451784471,-0.004155572269269814,0.0018555346124336204
168,0.01429226491177648,0.00564187046639454,0.0020516972330323828,0.006343442752075874,0.004968364789713952
169,0.026623975476717528,0.009205890327846127,-0.0037285294359494987,0.02073725682280243,-0.02041028925268617
170,0.029617145667983746,0.002717385412010431,-0.0034495858893924887,-0.005047860880900283,-0.0044180260007135146
171,0.018856256678267066,0.015272446204980653,0.019728910538002565,0.03134613264251598,0.047705220345616195
172,0.01791412634255734,-0.0011960399835492402,-0.0003534261064964811,-0.010290175781837479,-0.008124703295876824
173,0.020822637633343934,-0.013896772257789623,-0.020619105731945756,-0.0003967299769907636,-0.015173432514076646
174,0.026633134700060995,-0.0004441236834610547,0.0019919624615933073,-0.0032310206366632593,0.007178115737370331
175,-0.08523824748563329,0.0827711586567218,0.08276399250342212,0.1553187114434428,0.20743543450819404
176,0.024888070952726264,0.005848845219583738,0.006916851875554529,0.0040019754658533625,0.01754961847675663
177,0.02597659607895925,0.008487310317598576,0.0056099512613014685,-0.007483287313762383,0.013556617986639086
178,0.02838462882634571,0.007864993999353325,0.006319305489974067,-0.005764644172904,-0.0029363226893691094
179,0.03705564193907099,0.0075149822469870965,0.009235517588655885,0.013155283167386093,0.02953462417008118
180,0.0308508310878807,-0.0022578320376870605,0.0035967632234026182,-0.011751332999441434,-0.005763295345127599
181,0.03199283798882057,-0.013707126640267393,-0.010075732162886347,-0.010025399657786725,-0.013691029853852692
182,0.031433590070674505,-0.0015893207236140504,0.00030058679723949505,-0.013104851902217138,0.0031009392683930543
183,0.025615741167050364,-0.004680992140471848,-0.009548945455350163,0.0034260016020557053,-0.00024104563327010127
184,0.018076899386910754,0.0037258340435238164,0.0030049428308692597,0.0014125943917912488,0.013093650672299072
185,0.021831025338335235,-0.0027711137347932176,0.0005421424703195767,0.004899309976031278,-0.004306515555174482
186,0.018941748872978437,0.007625026562689711,0.004310256614062312,-0.004804100054592219,0.006845604034727386
187,0.005039536762882302,-0.0007947488182330943,-0.0028760137404513597,0.040696693582582995,0.022844814822116706
188,0.008120423916023438,-0.012630661532765935,-0.004282209770076001,0.00437485310951079,-0.018403898701072785
189,0.018462833896144542,0.006925532020682875,0.010562257147270892,-0.004502218307174545,0.007571321693774309
190,0.025160307596395565,0.006376260311238468,0.006467620818160395,-0.0038000726754753742,0.012026035984177683
191,0.023786621457720928,0.009529766625547052,0.01060948164166577,0.0250851304416347,0.026326848226246122
192,0.029938906082093333,0.0024924119472676267,0.00486992725935124,-0.0032022448261779116,0.00869344863960475
193,0.0438757811354002,0.0007993673273531288,0.01051263086033744,-0.005471492519114747,-0.00424518266261622
194,0.03267447549614596,0.0019316864454730044,0.0036500954654011936,-0.007939302139854974,-0.010694489395951148
195,0.027983804482448676,0.0009407956739541818,-0.002255817359177572,0.0068320646998387535,-0.005268061901758607
196,0.0376373116243318,0.0011334333196100226,0.0062554674274908064,-0.010820771305884661,0.001381537574567397
197,0.03541720702570248,0.003384686058765134,0.006887889659901377,-0.018856207589271385,0.010332171667355682
198,0.02596062084676401,0.0028629505066987814,0.006853251487396319,-0.012077743367011777,0.002638931264564292
199,0.024905122543286973,0.0067706183913754615,0.009918918469206228,-0.0218582049068756,0.002703062040815028
200,0.021512831999254443,0.004147980006704627,-0.002570817306573197,0.00895379038299723,0.01927684243397527
201,0.02249821789984189,-0.007056110821166457,0.0012674620050529516,0.014641084671736077,-0.006698057023110561
202,0.017112729173199524,0.004226591600549996,0.002881780331844849,-0.003850745953477293,0.001087242901702375
203,0.02083466627626532,0.0010563376987272628,0.010287251859740084,0.004017515316693348,0.005291828564478386
204,0.008182957737594887,4.6837497195752884e-05,0.005249385135696205,0.01787003719561609,0.01522009618514483
205,0.006585288957135046,-0.021326321382218887,-0.012306928813620896,0.011201245751539279,-0.011539868229119272
206,0.0165790985934186,-0.003334861679408309,0.0038862719446028002,0.003300100851312918,-0.006369240363808757
207,0.009593830185319554,0.002261395089671737,0.013533797532861354,0.027114883771123307,0.00212300443478705
208,0.018838969429427938,0.006198094568847736,0.008247413535780282,0.013847786094415332,0.013359855185133971
209,0.01137532554184446,0.003825933907429777,-0.010838839788940813,0.050100282958710884,0.03367006628066987
210,0.0282022054226524,0.0017300566923558708,-0.0015964539930168106,-0.010450031817861007,0.003691440851071667
211,0.006956099482267067,0.017942148629126704,0.018320594755433593,0.019123179602976964,0.0275153702301864
212,0.018563669396633654,0.0034113022091749857,0.0002791071573720604,-0.009917158257914274,0.007280045572384619
213,0.021838224859307195,0.003253241785047725,0.006375076962978426,-0.00199765861835056,-0.0030551589804974255
214,0.0005131842711118901,0.0033856062267476976,0.004786637147471083,0.015555037204243899,0.01279878975813522
215,0.01544114277712067,-0.0026877999707304845,0.0019931029500744033,0.0013104999059324262,-0.0011350369474629185
216,-0.021749135653599042,0.007285937839411599,0.0026789044245826323,0.06637004374941383,0.05798989275698722
217,-0.0027908626744941457,-0.000969549735376365,0.0038851426837712938,0.04157373001187247,0.030311097276529208
218,0.013697473757708975,0.0008901318276291919,0.004353106020497718,0.008608242313810294,0.01226503539930281
219,0.028253519319101198,-0.004270078358517353,0.0075817377886411965,0.002396758232372959,-0.011419832615333008
220,0.019929394961059128,0.004186355433932088,0.004201643064178985,-0.011286837434978289,0.00048560799703184054
221,0.02595625585287992,0.0030189879863445224,0.00556444128073111,0.0008962666129380022,0.016105333843331175
222,0.021757864191238402,0.0003374189151105795,0.0063660826233192325,0.0029930352368157972,-0.009856952751434027
223,0.01777062371387327,-0.013461473174017585,-0.010082922346093277,-0.004046967034426189,-0.005936054856859428
224,0.020107792466548664,-0.0019896984161292485,0.002723747710165975,0.0070728199896821775,0.0005454142646088176
225,0.020947367230860756,-0.0043676067791550135,0.0013620365097449581,0.0018634673145304856,0.009340390166596511
226,0.016717387756950294,-0.0008855350405162743,0.006675861011172255,0.0007338707237673714,-0.004767614070553443
227,0.011811652199836657,0.005157376506774279,0.005731286397914326,0.014888000783921305,0.0045928104497903405
228,0.01805809735573191,-0.001490036498616532,0.0018482422110160804,-0.009758368589997186,-0.002361199812084218
229,0.019239914970218257,0.0002005988734771425,-0.0008399880222824452,0.0006022782569893647,-0.006328343712605301
230,0.016838707331038736,-0.0009056735256067419,0.007454009599997365,0.0034969245457777023,0.009513711635377346
231,-0.061734349667473314,0.054214250469622034,0.049078730261641425,0.09595269448011631,0.10668346348460893
232,0.013438209783242982,0.004865067083443104,0.00567619257404612,0.0001746525797918059,0.015087952398009601
233,0.017729900999113462,0.00394762692718338,0.005914782140918222,0.0003084619058389767,0.014273527856092079
234,0.02418061959971959,0.004704893544727146,0.006564545640238741,-0.001986676390576093,0.007017069482814411
235,0.023123141784785053,0.0003609956769283514,0.005618850440459573,-0.00030392419054575215,0.01887763835442845
236,0.019827587187294483,0.0026045636811426734,0.00404031766830978,0.0030615687308577907,-8.035603276453956e-05
237,0.021512384779203236,0.004575248679888059,0.005755943050817565,-0.00748189270572414,0.006649195917123182
238,0.022044262379585365,0.0005508044959344716,0.00544759119826427,-0.0065852655067268106,-0.003592854269690763
239,0.03430616858787958,-0.000669848019266883,0.006389254975435419,-0.005707407132993642,-0.0016274802486755334
240,0.01774110534570677,0.0017356054114306503,0.007291886966717599,-0.006703578231046768,0.007920441815874962
241,0.022202909282252253,-0.003919152536634329,0.0011781980477146429,-0.012936317310608994,-0.009576970196909139
242,0.01642825045006685,-0.00031059742832732144,-0.0001272078393013744,-0.014021409611324835,0.00901596902881589
243,0.02522869774664107,-0.002181388666138944,0.0029351705205441147,0.007053667895485939,0.0064317956931144935
244,0.015866661367579218,-0.0027249576047542376,0.003992361781825679,-0.0036075209739385027,-0.003166714389666106
245,0.01937442864381614,-0.005015065702279147,-0.0007271650424360251,-0.0009462416392247903,0.0067376149073172485
246,0.013693593941501143,-0.0011636951741065818,0.005364240994074911,0.004242209464072192,0.013455814600260916
247,0.00830737380535876,-0.020228877259390442,-0.0012017429945222744,0.010355863756086589,-0.016180376260612594
248,0.011542308529331342,-0.009363205025314524,0.004244060737337112,-0.0011487096355322472,-0.012871938688024696
249,0.02577152536123667,0.001295643882773653,0.005958069186431286,-9.840072317836063e-05,-0.012072909947824215
250,0.020274936886802007,0.00177495473129961,0.00703158948079901,-0.0004583785338881885,-0.0019692057337955472
251,0.023071555881240123,0.0007268903074338345,0.0032389643771434593,0.01581489244695478,0.010120272953955692
252,0.019588123590472777,0.002144096100151722,0.00781168114019379,0.0037948337732964417,0.008006898303666047
253,0.018106906527301476,0.0007236289723518466,0.00787721709077333,0.003456494367047801,0.005702712611827253
254,0.017044393825800922,0.001233166586238919,0.005479165318269879,-0.003618964981738668,0.0007644649284172831
255,0.025990336153822072,-0.0011198642854342745,0.0019132785270810143,0.0036670315634430724,0.0036647227308028705
256,0.01869087258371056,0.0025575291972286082,0.002691585347464291,-0.01158353002309528,0.01690979356537738
257,0.010743367125944269,0.0031881428118827214,0.009839651217782698,0.014806881640891115,0.02018095967830831
258,0.016837303573738888,0.001451397056199358,0.006370525222338681,0.011965972183260632,0.010639271906969922
259,0.002904762331474107,0.0024451869374459145,-0.00022837881132872277,0.034536031161026076,0.032097516841107794
260,0.011852928141062554,-0.0021613490185876556,0.0010116545349269938,0.014376579541017774,0.002485933044934291
261,0.019923067479157324,-0.007198129321573929,0.0014921123426072927,-0.00723766948493072,0.0008447466623613901
262,0.017167196410826976,-0.0017777679979443875,0.004387097424338323,-0.004954726456498619,-0.0037578991027717302
263,0.019176252462312318,-0.000580832949055422,0.003142896635280724,0.0021008313854183496,-0.0037635376634280555
264,0.011294844086554706,0.0015520575277296993,0.00892930471640438,0.018281983639308778,0.006485232423955912
265,0.007884341047037878,-0.01979004500569478,-0.007323873183173185,0.007486829578036462,-0.030398040570572767
266,0.008902162055594671,-0.00445732487766267,-0.0016877945297656485,0.0009472960842616104,-0.013421285159676938
267,0.001408954819276131,0.0008324519906670291,0.005638508643628408,0.02193508364233224,0.007150043403126554
268,0.012527482564584178,0.0017049738484206667,-0.0014484058787325397,0.005535612241703138,0.006983527524803422
269,0.014946273788476287,0.001864682960178436,0.003089594851737412,-0.0010665070024081945,-0.0014214100721933085
270,0.014173104518604146,0.002332862940089315,0.002677644615536466,2.962398501887798e-06,-0.001782601179646576
271,0.017667701474105114,0.0014757703580488967,0.004876325683595142,0.010232101301375545,0.006869534423141138
272,0.018766580614736756,0.0017068809874594938,0.005058273914817209,0.008244913853943554,0.009801012051948024
273,0.018232207702576195,0.002320800143804271,0.004827628813161837,0.011770056945093694,0.01742057040977657
274,0.015548993107847605,-0.0008414980717247088,0.008137493641740297,0.003847938337247127,0.009523347606774252
275,0.015568468136979846,-0.005615887515963896,-0.0020262010739589015,-0.0008143587449954415,0.006489562538092334
276,0.010358280692519345,-0.0006553588066126861,0.0038242196759305713,0.009554915111174806,0.005616621093731047
277,0.010602834052031565,-0.0033887791198385303,0.005986936525224279,0.008963184351066354,0.00230871143319255
278,0.010827506896733402,0.0009777106279517222,0.009362405388231939,0.010187129470827413,-0.002541510937890395
279,0.01090358235551639,-0.0016915435593561246,0.00854705008716911,-0.00548249335077633,-0.0028691262112396226
280,0.014931773832142342,0.0013067476843082926,0.008411934293496235,-0.0019723928478588633,0.003925286993024199
281,0.020812052141321508,0.0007439427734288476,0.00435704166782586,0.0009446748068951153,0.0003467584248509296
282,0.013590168001632267,0.00361279248473975,0.005803688404344696,0.011656925348351235,0.008219588425317193
283,0.009990841698306671,-0.005762106806155416,-0.00034992361442858703,-0.004213702816743232,-0.010250060828659374
284,0.011308889121972966,0.0014796349806981337,0.004896472472096699,-0.0013553838453429555,0.003509108918459688
285,0.015300292769091454,-0.0020208191783100526,0.004147018886865206,0.0011446823815349316,0.007393168691987673
286,0.002405814838423917,0.0036570610184055467,0.005319786597109901,0.020238117989204905,0.026312674035221303
287,-0.027227323205437397,0.022905453874978013,0.03441684279240354,0.04694503899910618,0.05265036226424304
288,-0.00975148784788433,0.0058890996036614265,0.00813798546245157,0.042289237803379474,0.027835392987192807
289,0.00146962588030191,-0.0028599883698041356,0.003288954062524303,0.030016321516742547,0.019175412893739186
290,0.005636903399173999,-0.005698333928183421,-0.002130313343677089,-0.002854844151771411,-0.005943088774768186
291,0.014574417651854884,0.003380284169581638,0.008893662004901493,0.009488241961990326,0.018101808307678467
292,0.017871537263722446,0.0023065928326781913,0.004545462853344576,0.006422669684320442,0.0017644470850694733
293,0.01528639190506454,0.003838230488629088,0.002755613181884966,0.01025048967743448,0.007997445663724356
294,0.017986268857936662,0.0019224117864444722,0.00877002267972694,-0.0012471377617382766,-0.014462781129644596
295,0.017121834733964208,-0.0022864216547486007,0.008465385479895017,0.00014498540203020108,-0.0024442225867674027
296,0.011673698549324315,0.0019354906807864465,0.005909344963013271,0.007979295181147452,0.010105929128557836
297,0.01504899202410154,-3.23195502197769e-05,-0.00032145154680150994,0.0110936243766556,0.00625673902800972
298,0.014714600123545581,0.0027653251724969567,0.009832659558298342,-0.006190675545704881,0.006029499486879627
299,0.015712325535805014,0.0021812229120999867,0.0042601703571897714,0.005303391846685649,0.0006523524697279649
300,0.01590442986830597,0.002641924646624198,0.001546363852058791,-0.0002555105783744406,0.008481760065895011
301,0.01878781858943268,-0.0028684460438064977,0.003980586634889553,-0.0054479037527142915,-0.003539042297916084
302,0.017411355317551728,-0.0006085936560065592,0.005600161737552106,0.005622242386069077,0.005748242413614489
303,0.0159599593579232,-0.003500676666300392,0.001700866903393119,-0.0015031613713380333,0.004198196047046814
304,0.011706260436117416,-0.0002498957837618779,0.0056107533478995135,-0.0003034837356458241,0.0014561958326139398
305,0.015958655976407412,-0.0024604290350480765,0.0024241341665967742,-0.004138940271078866,-0.005243089071298793
306,0.01250637826329565,-0.005088748238221477,0.009922653848226137,0.009282111666447658,-0.0014226204265334924
307,0.006933619786311058,-0.01871403930281846,-0.0045841090012566,-0.005691464391759424,-0.01652025588141426
308,0.00780654477287621,-0.0044505621729892,0.002973961077651277,0.0028135251375087733,0.004399236673177881
309,0.008650871207835054,-0.004386301016980293,0.006339623608621777,0.015781191899283863,0.007512640812550302
310,0.011024745592363997,0.0009373532931976148,0.004488028250458584,-0.0020637345422632254,0.00855220937423395
311,0.031211742098289547,0.00190891694567716,0.02310654489327083,-0.007861646240849774,0.02310145013366979
312,0.01813575931290483,0.003169449407985948,0.007877879605209978,-0.007746460159845512,0.0038402817720184024
313,0.010801534332708768,0.00673126413949339,0.010721807842375919,0.014002963109282828,0.022301295593719097
314,0.014580704669068308,0.0028231558977017245,0.0013118052088559177,-0.0077421062998489385,0.00960089440428132
315,0.0199016667806229,0.001539043693925287,0.004551059756148372,0.0013387102458061132,-0.007366890718204919
316,0.011342009918201139,-0.001993695589115777,0.005639008965490738,0.01025465515853127,0.008579969362067756
317,0.01454621448931709,-0.003038314020772072,0.0065814880299779,0.002629014822418878,0.0034802877946329635
318,0.004446409484832184,-0.0029327211286731265,0.007540861567814543,0.019976135435721736,0.01402273242879775
319,0.008165604898142777,-0.0035688252653500573,-4.961723404909491e-05,0.011084357553120854,0.0219078599236091
320,0.012928188787277601,-0.0007251143072692819,0.009959824289098165,0.007419533561076042,-0.012688499231297903
321,0.015556911438607981,-0.006075979906161271,0.004801277536113244,0.0035362427931967862,0.0009121884609780762
322,0.020486143278033223,0.003663286796084392,0.022936233720971002,-0.023128753723984936,0.05667300695519743
323,0.013196870455993492,0.0025256791206988718,0.012392753133350467,0.013984756343123485,0.024916771732656346
324,0.010454983570759782,-0.0030868749331026167,0.007380013248394204,0.011575186705112383,0.013858301421465285
325,0.006663632323497626,-0.011069799899842744,0.006344970801998772,-0.005253568647538732,-0.017143605453874555
326,0.00870845627417738,-0.0020841440572514232,0.009312989024218458,0.01184805474656866,-0.0028319045237395982
327,0.03145251951411412,0.002590305160797675,0.020314285642830138,-0.016889282990408604,0.04936871915169185
328,0.016010420030238504,0.002138874061496207,0.012809685150420351,-0.0015883783966520297,0.021947648737266155
329,0.01320800371543833,0.002899116896939857,0.011831977215811649,0.005332394299724483,0.006426198542717723
330,0.008354731550937789,0.0025942721751125728,0.004957519536429559,0.0029425493497818502,0.01857439542101367
331,0.0038051730252268616,0.000909470826701119,0.007111234568130858,0.021475738517120327,0.025313534719103338
332,0.011622899421768825,0.0018310630789952628,0.004280145057212641,0.004826782352856272,0.00838686208585417
333,0.006025525724877084,0.006468391133836896,0.013120506807219027,0.019779658131052317,0.027746754884216143
334,0.013733236258986014,0.0007521695926273501,0.007460160669636789,-0.0010462402880656166,-0.005090125330698263
335,0.01437890445657789,-0.0008123956813667847,0.0037301465391126856,0.0020099777553213667,-0.006921822063144319
336,0.010890016845741932,-0.0014767204674163165,0.009130613939824518,0.004938632926112314,-0.0062561746115592405
337,0.010547994956042316,-0.0027418942290987,0.011345681854946933,0.0055245862487586705,0.005454676457877033
338,0.005502924839510334,0.0015696685014606865,0.004940722851029284,0.011146237101197373,0.011970889177657271
339,0.0067644543129275776,-0.0019320901487747098,0.006139729927461023,0.006690180595536902,0.009852594226975106
340,0.012314459751597916,-0.0011120386941342276,0.0032905952834435238,-0.00023998531856011642,0.003243523273798926
341,0.014968237660809262,-0.0001515747786966104,0.0011137272149141504,-0.006620657852111814,0.0009615188974364937
342,0.011150778883516484,0.002427951557245172,0.007345370576434443,0.0051373450307889874,0.008875455267138382
343,-0.009098942194360688,0.01365218059427613,0.02367513660008912,0.027168505263950624,0.02304405401617152
344,0.013562463846039591,0.0021490753628043593,0.007003582297447266,0.00017244069334414454,0.006193881958267475
345,0.012086766277572589,0.0006464212324977904,0.006187870128809492,0.009088921769550397,-0.0012581882368184764
346,0.009454736978370053,0.0018101216914917443,0.00908528064977298,0.005277273884121968,0.003968118989997664
347,0.0020888789543714605,0.0007303456572728499,0.011491509905324436,0.014674403789550589,0.008423488432899692
348,0.006253792393123218,-0.0026823495466874498,0.006574619897809805,0.009761870551194244,0.015075197852909368
349,0.006697952589126365,-0.01403567298824505,0.004213957308097566,0.0003604539958901133,0.002762212676400845
350,0.004927457217997999,-0.005467901694343994,0.0013090288704485982,-0.00019954135660722668,-0.003260564801761215
351,0.009966204812134357,0.002167147064020205,0.01071036370201413,-0.004023918778273829,0.005481531964996287
352,0.012011089259925233,0.001113620308363628,0.0044009031230599445,0.002603148251408411,0.019865637177278354
353,0.013735267484798402,0.002390968038616581,0.008810577146630609,0.0022504058005158355,0.010995928699271263
354,0.012344187144970304,0.0009358006449193123,0.0053819348167124335,0.001502140604498566,0.005103836481473341
355,0.01046665747325595,-0.0001564417166727513,0.002672804896992623,-0.004334151030141884,0.011824849007059211
356,0.009290754148592982,0.0010065113578797598,0.007525645220251328,-0.006879176323443199,0.0023097961071010236
357,0.01626082799780429,-0.0004946866541168293,0.00494527368942019,-0.005083067612887315,0.011767031504506784
358,0.005300616204480323,0.00267709195774001,0.004700270925706243,0.00962164028247166,0.0160729095906955
359,0.007922632751319377,-0.0006076031882745692,0.008581339848023723,0.013844492295065809,0.013257430403679923
360,-0.002134708547527901,0.0028402521283347883,0.006204008146382461,0.02375137757155479,0.012068847359432464
361,0.008774776183561551,-0.0015475279791983662,0.008299464730309004,0.014633112309610487,0.011316561991421966
362,0.01031103477982436,-0.00047835623432319023,0.006898252885430351,0.0032653995754974136,0.005726222020718177
363,0.014008977712972057,-0.00693320279979693,0.003560306680698637,-0.0020763138643167655,-0.0027515638296499137
364,0.011181842349193878,-0.0002661490318089296,0.003267671310473037,-0.009280935994491627,-0.007177266692904364
365,0.012462164525962598,-0.002176349380427067,0.0015815674835951388,-0.0010698707512027188,0.000744863848530314
366,0.009200051411272099,-0.006099001671763527,0.008152189438183773,0.012449356770541242,0.0031403539039831464
367,0.004763340123115172,-0.013928123416595498,0.002981490626315462,-0.0011683113408315518,-0.01499046177934177
368,0.0057386407952948705,-0.005695630061719322,0.005586743215023163,0.005061351426138611,0.0027056463268813947
369,0.00291196808837087,-0.0007771892218664688,0.006835824826543835,0.01394985523329452,0.010584472598963668
370,0.011158565474627591,-0.00024967165112549144,0.007449364345959475,0.0007132618390206588,0.000930136895866801
371,0.01209372417190013,-0.000497666650489441,0.0055187616052985175,-0.0014069613260938873,-0.0019038393450207798
372,0.011493300859054766,0.00014640077545513016,0.006533542707867953,-0.004360590742898593,0.005752908668269614
373,0.013675475665116728,0.0008385240205357368,0.009771515610549845,-0.002395525726532806,0.00966877451377182
374,0.012733156957300255,-8.606655201159221e-05,0.007251976302830477,-0.0078115766692073785,0.005044892014033031
375,0.013109199836877907,-0.0019795696219808588,0.007542594315930288,0.010237889401444957,0.00829823431681276
376,0.007958237722464834,-0.0007544667326528755,0.00470524796702395,0.006217641030130388,0.0008778264146777589
377,0.013673819890261616,-0.003937019204597355,0.005670613725734625,0.005368101550286278,-0.007651640103291953
378,0.009609481167100128,-0.003971978638114999,0.005258322742672869,0.00012215129398536419,0.004918726915292539
379,0.008775336614117092,-0.005507367278125549,0.002938006859025358,-0.008163520416404465,-0.008010481994651774
380,0.009216028301833303,-0.0024496348932667228,0.0065458629636183365,-0.0014177345827722518,-0.0033176386779533978
381,0.0071103169646866676,-0.003408555516225742,0.006256157360384245,0.0037961992458754993,-0.006171057381772669
382,0.012286421737960664,-0.0003758345946721193,0.005520048361965484,0.006261357597187202,-0.005092059611152705
383,0.015573677405025962,-0.004690477437818754,0.00960533149910879,0.0009084632499144365,0.013125717129679507
384,0.010689071467642782,-0.0016614552183952358,0.004050352533578043,0.002455803163916434,0.003350021914268756
385,0.009360124157221258,-0.00476488538405169,0.004533732841247659,-0.0030634131901065838,-0.018320833361707495
386,0.007787012834793335,-0.000987189623484798,0.0033394025872653214,-0.0017367001612731523,0.002816840202947592
387,0.009929533546244615,-0.0017385603960385204,0.007347433041217882,0.005316241882666412,0.004997709945723658
388,0.006844625906628193,0.00035525816152107826,0.00695122915079275,0.011151646255303252,0.0062139139465373855
389,0.0017203370762104192,0.004654987900551793,0.013666943627690224,0.01351115387329658,0.025456941812282176
390,0.0033874716398993587,0.0009910252689914292,0.009517444541295505,0.016754820871583323,0.0020714170864439903
391,0.005660874399903111,-0.0033696859628461447,0.007480362607267307,0.018081537138711558,-0.0074812122815606135
392,0.0069271992097469535,-0.0026160079383349376,0.0032849363844917024,0.003266131242205387,-0.004505846219628438
393,0.010615691175267025,0.0010337363206304772,0.008552873788000868,0.004028020179707186,0.002085942176228547
394,0.011760850387075167,-0.0008697072747822161,0.00947155357058386,0.008332928700790013,-0.003968002666103962
395,0.010565244456015697,-0.000531063796509816,0.005766760356635394,0.0013709550298571592,-0.0002804933135393789
396,0.01097712978062859,-0.0017828911662011813,0.01013447555332551,0.0022296679499380335,-0.01632877977148143
397,0.008401634116728184,-0.004288360075560912,0.00751053801774931,-0.0050652373632032776,-0.0010652387098001028
398,0.008348732994627385,0.0014454716655098324,0.0048278008009714725,0.008195718706409063,0.023292367181529196
399,0.0028907201289782394,0.005671463040312495,0.013345755805153663,0.010454765695360758,0.019893267497298382
400,0.009571700718835136,0.0005349461949825714,0.006985579915975181,-0.004147255380903355,0.011050924471211981
401,0.006822616882667288,0.0005157575283542807,0.009263790791396772,0.0014716361320404846,-0.0030939977457854263
402,0.0075977896505289326,0.0009176501328679009,0.011979301895639763,0.009818874738981978,0.004501307849998522
403,0.0029274253178655295,0.0009175964125087869,0.010534360087958274,0.018597021247487598,0.008410120288876687
404,0.008994824660762797,0.0003715533529596915,0.007569868963961663,0.00302972127017375,0.011827604226262129
405,0.009589313391980065,-0.0039030667990726394,0.009680383581495621,0.008672487288408526,-0.002408030477250966
406,0.008035501178010331,-0.00026269484547467687,0.006889956873160016,-0.0025422292066098933,-0.0003173728164765502
407,0.008859091182006892,-0.0032276922048872156,0.005578527851224651,-0.004513395451919162,0.002032101465322849
408,0.006244244363131131,-0.001443299237500158,0.01036457689265123,0.013490964932684072,-0.0035683052270328013
409,0.0043574256781413225,-0.009323833147096281,0.008375486708743742,0.002796604681899021,-0.009697329046597099
410,0.0008406599261000025,-0.00182332134289629,0.005372269410050636,0.00728028727829398,0.007691334196936328
411,0.005630978996177663,-0.0021766683630176187,0.0018450825735245849,0.01018115545861372,0.0003224739392566254
412,0.008225825138942829,-0.0005494356638692593,0.0036500640814245773,0.0032519741062250035,0.005093114237453515
413,0.01193000777516946,0.0020906163143240624,0.008248403300654097,-0.0023880426258178888,0.0025572325354849324
414,0.01024694544078286,0.0010067853024689104,0.008693198473342987,0.004199567103770922,0.0014878556957437525
415,0.007195272416425565,0.002088782489222774,0.00980699027900938,0.00727220996926737,0.013155504956522287
416,0.011023183291991822,-0.00032206822776656614,0.008431298934988287,-0.0007210118643700458,0.013930184263547519
417,0.008113949931448913,0.0007577999878702423,0.006773320607190631,0.0018793628238021256,-0.007508018207325125
418,0.00738716053328958,0.000988165417670211,0.008265471283192629,0.013779188450154883,0.0015178616551912649
419,0.005922150259155921,-0.00042232929971000924,0.0066585207581442065,0.014557707697217509,0.01980145816702198
420,0.0051059628492665585,-0.000848823260787351,0.0020154970162511447,0.000938429143976554,0.015502965925959521
421,0.008121436931772969,-0.0006146125475285758,0.01199550365952938,0.01649924362245009,0.0022297917089713383
422,0.0075435510917028804,0.00048614113959842835,0.007564769169396368,0.00741435599170795,0.002570027872948061
423,0.008288551569676325,-0.003480791669899594,0.005278683005202028,-0.003778706616313077,-0.0011022167373661972
424,0.009724349493723463,-0.00031716804092667594,0.006507778856660647,0.0038655165726768073,0.005685645373178274
425,0.005819835414182763,0.0022912373208212886,0.007677284791165278,0.0028717788903797345,0.013215616366058778
426,0.006902109248333729,-0.0024744912926521058,0.007788928803387696,0.014674585083777007,0.011355384346709452
427,0.003155881604585687,-0.011350332931771585,0.0033576392191577396,-0.007831974256633045,-0.007518173135581077
428,0.005035010796647574,-0.00292977553703202,0.010170913156766076,0.004936533813980114,-0.005303900467909221
429,0.005015546491037961,-0.00025002900380595346,0.005235780731413032,0.0011591451962687785,0.012379331348032834
430,0.00413507290180594,0.0008883431582682129,0.010465154521080402,0.008736969399896218,0.012689043586290605
431,0.0047069243093561955,0.0006050618658107731,0.010393863410484733,0.01513485563176094,0.01625346832919723
432,0.001207754025871461,0.0034641783102069964,0.008574248193666877,0.012703971958104647,0.007221369985322914
433,0.005741262589411589,-0.000981811774608178,0.0029570267120692614,0.000590358070160671,-0.0019078959595095907
434,0.008448889778046517,-0.0012877822758203263,0.009658283590481915,0.005919379567783898,-0.0013094604232951011
435,0.007979127640935488,-0.0002411603972170296,0.00502555068732828,0.007671582016078401,0.00962160006638207
436,0.009017129347875285,-0.0022860762492631554,0.005029052065835386,0.008410354621752865,0.0041347260141673375
437,0.009425247936655294,-0.001651720504805479,0.009739059769550647,0.002448077752966185,-0.0015040990298605228
438,0.006322714653128842,-0.0009537704852771913,0.008213266238014442,0.0070308167072171855,-0.0017199439841269887
439,0.008060560828967956,-0.003201453907423866,0.0089853946207471,0.0015718893882832687,-0.008468787654765206
440,0.006763399978939729,-0.002154626312743534,0.002335918814427434,9.210814402913743e-05,0.014003797694103036
441,0.00906380372199475,-0.0026253792246771425,0.003215065326711456,-0.0009508275223289758,0.010444791575185495
442,0.009241032822968417,-0.0005917987453613773,0.009215047412110239,0.005287527712330311,0.003613545961704733
443,0.008834116104790879,-0.0006653793554875488,0.007036217907685784,-0.0014381598371815392,-0.008518477877692734
444,0.006429853149660551,0.0011421473185002989,0.008269736913480352,0.0016123393928644454,0.008635859097266342
445,0.0013264986943729835,0.0006517181409550797,0.011554080600913019,0.004041900813218778,0.014399757001950243
446,0.008008293995822065,-0.0031033526188818036,0.006804099825582567,0.0029528361604393974,-0.0002489131939513082
447,0.00799534323948571,-0.0016550911452469202,0.0066286387393564815,-0.0028192741376743802,-0.004584310118778444
448,0.005914346472476948,-0.00047768945059508663,0.008553744780158138,0.0029636252460656268,0.010604676444509272
449,0.007284974306625835,-0.0008813732442861048,0.00705419806261544,0.004243132407875956,-0.002059030736158704
450,0.005331729581116232,-0.002486358152045436,0.0041741854035057925,0.00615994324995798,-0.0014971243606720724
451,0.003725761527192204,-0.009281319548026044,0.002610078679217484,0.0041232453741490245,0.0007643824541054128
452,0.004128652517685303,0.0018660338123056707,0.0010509308305620797,0.008519601372170473,-0.0015960778167343013
453,0.00520901761570428,-0.0011776408216437235,0.004144869591279493,0.014104272737995029,-0.010766277320223566
454,0.008297571100525453,0.0006025038368135316,0.004537691157497738,0.0047006330855079255,-0.0024334552278937084
455,0.0051719240090154685,0.002579922780702313,0.006797653251883059,0.0023978961642572897,0.004441422605313003
456,0.005752693707093379,0.0017522021813494216,0.004586199093074577,-0.006979851427368031,0.00517372781812878
457,0.007322544978139623,-0.0024866621353748565,0.0064564126066514,0.001375948729302476,-0.014327741464623437
458,0.010250909826143068,0.00017782182411686973,0.00883757540873839,0.003745178020163725,-0.0010382201639634525
459,0.00883349824117187,0.002073572853128547,0.004960921328900732,9.681978879321444e-05,0.01095695242815796
460,0.006023025476481917,-0.0011002915426761766,0.0066598335845343025,0.013184691382880129,0.0017934484666022067
461,0.0056962368162052366,3.217890842655673e-05,0.008784759192327764,0.014429417563363278,0.014518904784168965
462,0.0010930048895317337,-0.0007029547357315441,0.005534615186848606,0.005203529518596812,0.002447861360223685
463,0.005665499485163104,-0.0020532961533143153,0.007352402336802074,-0.005006332845134451,0.0046076047993023105
464,0.003383912883891073,0.002492271057270564,0.009688804540171509,0.015199116329701822,0.015480028550877099
465,0.001966090024223841,0.003009589423133833,0.008581470198653228,0.011831303761476971,0.015930532567705345
466,0.007057031498955153,-0.0004631967877060612,0.008585084593329606,0.011032447753649444,0.0033042961517989623
467,0.0063059068089994985,-0.0015391432416622171,0.0056469079710130266,-0.002419698993061956,-0.010034170611448658
468,0.005961234976617668,-0.004044125738900976,0.00689054130037295,0.010140401712776298,0.005116608885844829
469,0.0015086071866504977,-0.008511378761966507,0.003974936115899146,0.004738935843410277,-0.009507418306231493
470,0.005587102714249567,-0.0035578552588364427,0.0075611204088827265,-1.7687203287780186e-05,-0.00592074098473948
471,0.00436511989947,-0.0009160388826284921,0.006549001659712274,0.004675047649238038,0.017625464374141787
472,0.004640590246872864,0.0008421022279550988,0.009086905604403974,0.004942463093716699,0.01990389035758353
473,0.006023968864180159,0.00044218387993389465,0.006155099189287372,0.009827974366237509,0.0021654086429091406
474,0.0031115919077416066,0.002175146581155582,0.010481605587057503,0.026474636763980524,0.014700009747377348
475,0.00534287882275716,-0.0001748318274047205,0.009264526653318582,0.008928619126625015,0.003449956988994345
476,0.007731416288796481,-0.001923125798513735,0.008826908979012171,-0.00025711368066341875,-0.009441580735153955
477,0.006280353960862406,-0.001126785642051085,0.004763595565428104,0.006463187841688007,0.004480310607918915
478,0.006795012112474356,0.00043233732656115033,0.00794891686027952,0.007952260315259104,-0.002213453370667059
479,0.008718131440436726,-0.0008838647673181879,0.004198622678235013,0.00144338332959972,-0.0008062095346345723
480,0.00701532095892535,0.0002438854765646699,0.009150429452422237,0.0014967858140344857,0.014773928543050815
481,0.002999783161889539,-0.00022205415356377073,0.006343028340981286,0.00538026664624871,0.009579672721790375
482,0.004221144574568536,0.00034523869844051234,0.005640726553302057,0.006085574250325249,0.006503268712661578
483,0.007288967522295948,-0.003237718472950592,0.002849146795696239,-0.0007191536370421652,0.009481436014837169
484,0.0009203833268090965,0.0035869997048735103,0.009578276380072593,0.020569923372251116,0.01191606772945778
485,0.005653728502222354,0.0015379919983434971,0.008075450615382252,-0.006237762142458412,0.006203493598483111
486,0.00614210777648452,-0.0033738176173343276,0.010809735957605461,0.01463625117091116,0.0016329143553173184
487,0.005424529306957227,-0.004015157158416471,0.00599791168115928,0.003149156437875957,0.013320689307647253
488,0.004835284332098881,0.0009056159941671834,0.007365792723756959,0.013223525843314678,0.01475581163573685
489,0.007447917191275947,-0.0030432161090679314,0.011875805719623258,0.0028497571693369725,-0.0017908985209390538
490,0.0038532142010958234,0.0012407483801033373,0.014817369065253182,0.01411654742624605,0.012872900806436924
491,0.002710122654994585,-0.0008499195128957447,0.009532863597689597,0.009961847536694797,0.0031309850950333672
492,0.002809115878929055,-0.0012503883373618184,0.006327597122630191,0.0018952272115445939,0.0017148418781643801
493,0.008003711797404325,-0.0032409863114523964,0.005213433400473119,0.0035352394828734235,-0.003189138931326634
494,0.003914860307842077,0.0006965905142674233,0.001072650540715749,0.0135135554491763,0.0017340127417635384
495,0.005554734042923654,-0.00027254938917726493,0.005433901885841806,0.00613572713448804,0.0043077491216492216
496,0.007928034712822388,-0.0006303425732774995,0.007297095856870764,0.0033390259311160517,-0.004330671532952205
497,0.007954863355618505,-0.0015887396579376488,0.005551203497270829,0.0038576690847565865,0.014289558870784662
498,0.006757873669822041,-0.0012166168312532388,0.006294170171620287,-0.002681311016342182,0.0027735770085353145
499,0.00826041330096721,7.206149270627298e-05,0.0008645979840446866,-0.004280307258496809,0.011871572379792333
500,0.006614859215040457,-0.0018986321529387258,0.010219210688878839,0.01215316935749323,0.013155264092599475
501,0.0032238797495011376,0.003098132860016362,0.009588654137883432,0.007011815120297014,0.016434138147435984
502,0.004326790844996749,0.0004252521662164198,0.008337747919537005,0.0073488011102381765,0.0018751549815706739
503,0.0009195912384172652,0.0015382550614516349,0.00625931801875957,0.020433038479299826,0.021319844491614993
504,0.0026319659026484018,0.0022889702917493777,0.006503641508429815,0.0034566655729118385,0.008217272325915978
505,0.0054866246848232925,-0.0033004495182257006,0.006812577665337913,-0.0004441997859221208,-0.0031005228526871337
506,0.006541398245440629,-0.000704922859149787,0.005571221604308873,0.011537647914086364,0.0050221123156051145
507,0.0072361877706042955,-0.0016201297742110068,0.005819194357902178,0.0019191105130591355,-0.013791412034188868
508,0.007643435785563756,-0.0012349114453814498,0.00942237490019449,0.004304015744013173,-0.009439578617187841
509,0.0065312931036938995,-0.00013558312690407288,0.005085717654280311,0.003099615736375791,0.005376279256875593
510,0.0027235992784352507,-0.003634607378526835,0.008923576923095753,0.006685671028493248,0.0013606303837634312
511,0.004216170051053305,-0.005350622825998213,0.006685146591065723,0.010370421341420211,0.006942725204525353
512,0.0009346144957482444,-0.0027555059508550107,-0.0024487951936333634,0.003951956464678294,0.0033217722244176704
513,0.005758245878384135,-0.0043782027357390455,0.001739881167986814,-0.003152698614713827,-0.004916168505286789
514,0.006722861120125229,-0.0007471127527024602,0.003713090035514256,-0.0067293075827692984,-0.0031266150009041085
515,0.0069980088803568005,0.0008916269063822884,0.0059526978408211756,-0.011033651109815175,0.001042836941135459
516,0.007366390641436689,0.00040287415413401307,0.004366280958487619,-0.007438339678759439,0.011906113369041262
517,0.005538664942757792,-0.0012834052335685664,0.003977936412079173,0.012422843030220428,0.006041728819745561
518,0.006852290596656825,-0.00047418045356890367,0.00058145488672187,-0.00307281789410738,0.007946024382526147
519,0.004855673162297194,0.0004846773797877727,0.008447711614400078,-0.00320826207784561,0.004955724268207717
520,0.00020866916213382024,0.0031162470034829448,0.005852583896160271,0.008006453909129815,0.014604124498897782
521,0.0006706131082274272,0.0029321874537218563,0.01251818350925985,0.0009653300037688397,0.017847959858083153
522,0.003071558858218019,-0.0006363380367781964,0.005089407261432594,0.00895704895278279,0.004637998728551692
523,0.005687529985691749,-0.0013992320236528412,0.0049293828485528594,0.003486196728747892,0.003916562303444373
524,0.0038508059185085163,0.0006229745145491614,0.011170183763480456,0.011173276405985417,-8.975715953327219e-05
525,0.005652923070034685,-0.0008158224496661112,0.004985653788979258,-0.0038988092862139133,0.0021194591256246736
526,0.004571289340972611,0.0010592203911861193,0.00611635361515891,0.00649450939167043,-0.008895729171901482
527,0.003958571208476563,0.000605612751172566,0.004923422413354472,-0.0012655982698920206,0.00774163927303929
528,0.0035081838163647924,-0.002362265723248808,0.00507336051153532,0.010470192696782055,0.005574311262435108
529,0.004826174235905729,-0.004278815224890139,0.004970984983334085,0.004190719906309123,0.007978791186390902
530,0.004893110580697071,-0.0023393852312852885,0.0126538873305397,0.005551227072616396,0.004999056440440132
531,0.005197934292537176,-0.00048491404274587116,0.00801607816599803,0.005932374988270756,0.008500430822853804
532,0.004564359772650733,-0.0018145648535029125,0.004832525915163809,0.003511320375559177,0.005713226190631524
533,0.0012835111020478465,0.0015950431480625036,0.00672682356134813,0.015848086480976395,0.014386435234179734
534,0.0025526326024006654,-0.001566211281693632,0.007046867218952664,0.00948858338857593,0.011792203102602337
535,0.007585589970125311,-0.0008943235097018343,0.006975784505945769,0.0052649617526067715,0.0008617970052023169
536,0.00453914642990585,0.00020133946028065021,0.006245418517170479,0.00034044411376696093,0.004169849975609537
537,0.007532735327310425,6.862908526687186e-06,0.0066069579771403176,0.007209606035430906,0.0050769923741079475
538,0.005478779453778718,-0.0007510426586836961,0.0037389703011020954,0.0014855175734089926,0.0007424384355771037
539,0.006725681539272746,-0.0009596806631465272,0.001874959317251354,0.008008737010200419,0.003950138812244114
540,-0.006430089081027808,0.00643447616648244,0.012223828439627247,0.024494096298627956,0.02224020015917023
541,-0.007529335590264759,0.005938500419584503,0.012857042713923406,0.012000291333202079,0.005888405466470008
542,0.002441827642863252,-0.0005578478170236266,0.008313509770116832,0.006178914623759402,0.00973533342627992
543,0.0037065589878367733,-0.0014956043423271944,0.004680432663910989,0.003527687260135867,-0.004085940180358827
544,0.0018669586698688177,0.0008908406417708288,0.009782448117700598,0.00720085428085211,0.009512842205636491
545,0.00527400092629327,0.0003162510278879985,0.009222690192343645,0.005116578955432766,0.010284935063919007
546,0.001908195191284641,0.000679112914006549,0.009177047392167797,0.015893463812335855,0.006909770706369652
547,0.0030713673428332186,-0.0021543793610542734,0.009187222023534388,0.0027755930016874117,-0.00241231105908712
548,0.005567930121230751,-0.000704573236426706,0.004402591627811136,0.004440130121783053,0.0014348552435038322
549,0.0042985298694904195,-0.0007480400031820203,0.008560069636350705,-0.0027852266221076866,0.008478352443103548
550,0.003133335842103536,-8.90336315979338e-05,0.0057778821608033635,0.0018925914920849426,0.00011902141044423064
551,0.003354574520103922,0.0005335914362237476,0.005020758103061919,0.008800328510596105,0.016500716666669225
552,0.004294195301006172,-0.0021662153576484764,0.009045117726874365,0.001931946975906803,-0.0014297459669081244
553,0.0030160881855413432,-0.005486632274398456,0.006142976818540598,0.002020001441010564,-0.0062388517352972355
554,0.0027444047262389004,-0.000567818368921466,0.0052937624461302825,0.013811178091831374,0.010824210006698932
555,0.005279304116988859,-0.0010194761672442775,0.0017759808606868735,-0.0020496267834248585,-0.00044064641938708154
556,0.005057615803720508,0.0015955958991542179,0.005216387176310161,0.005373004976175086,0.013393358203161496
557,0.005382571147596417,-0.0013247460943923005,0.00719843995321676,0.004048146399329543,-0.0013586325320394518
558,0.006114283140491352,-0.0006005485691371648,0.004136776028139196,0.004607070623615286,0.009386713560717071
559,0.006080241754945484,-0.002850307881578364,0.006526300513688026,-0.00328325335255275,-0.0019426365846805132
560,0.0036214806965937907,-0.0009877807675338515,0.009755853616620751,0.01018911115057423,0.01306362240047413
561,0.005230632545003456,0.00010612427215899246,0.00825568514695838,6.191821937904518e-05,-0.01319778606721545
562,0.0022389243702111367,0.0011351623011773327,0.009988443174885104,0.01458779377418699,0.020363686353861495
563,0.002841190479906135,-0.0004707204945622279,0.003534102193184177,0.012207710372596976,0.019160843271722117
564,0.0022710371984830525,-0.0012790364855375948,0.0018285050571871554,0.006949651766199857,-0.004653262211709547
565,0.00508096201747976,-0.0009795712458626556,0.005228850327216929,-0.004154725496457685,0.007319485673062098
566,0.001760032475505025,-0.001076005247379011,0.007278622692975939,0.009497480928837017,0.011520936980340547
567,0.004333205987834049,0.000857419387415031,0.003212125859642944,0.0033387217536119417,0.013178114295880729
568,0.006105067075228948,-0.00018721877980578912,0.008858910184090244,0.0060557660090916204,-0.00031029748370745773
569,0.006227932375130256,-0.0033904443778685653,0.005909914360171342,0.007598721813347079,-0.0035578174435632218
570,0.0023439872605620833,-0.005749569381631788,0.007816965381932191,0.011901141128388724,-0.006548168472088473
571,0.003160712029647356,-0.005281505619811564,0.001231090186910523,-0.00285921853132471,0.007161083259559374
572,0.0017661648527768118,-0.0021178620539191494,0.005102215324935423,-0.0027382329869487304,0.0159374543551676
573,0.003310219916421218,-0.0006023079126444778,0.005709979152388535,0.010395461142529263,0.0022923853013876606
574,0.00277879844512897,-9.703677492793756e-05,0.006460434123708198,0.011910399289649303,-0.002897952676522791
575,0.0011627865563333109,0.001226014813544501,0.0010996326412836387,0.0071494850700772475,0.015759254264479387
576,-0.0016267349622305473,0.0037807960864345703,0.011717082351824025,0.01748871141432394,0.016052931695536125
577,0.002313384760988979,0.0024935040492253843,0.009222446885372904,0.006103063250485371,0.017632829346848726
578,0.0017637581646249066,0.0015370702654106086,0.002327999184297383,0.008281577863638472,0.012777728999673325
579,0.0032609204696129154,-0.0020934169607639804,0.005959328753934846,-0.005630762595361932,0.0032439612455934276
580,0.0050600673569780935,0.0004703160763755537,0.0043032198526406365,0.00928782957727989,0.014788479110952971
581,0.005035046220785124,-0.0002992814403741846,0.007210425321497452,0.007070181697725881,0.016145080247586388
582,0.0008367552610384956,0.0016410902915127863,0.003662432771640459,0.004983831461256109,0.0038143915094497553
583,0.0023713327894085896,0.00040657433908802625,0.004405123423010853,0.00684763258002118,0.011300985056149324
584,0.003921260201066984,-0.00015785555316284272,0.004787673526756761,0.007032723739195663,-0.0009979941601861418
585,0.005302871018465571,-0.000763489090115538,0.008702972062827665,0.0030565201783082857,-0.005092160011194505
586,0.0045929840491998756,0.00011063805293536613,0.007641975549949369,0.009498877746177215,0.007825761290950837
587,0.004977921180074085,-0.0010272665220811136,0.007459874861656248,0.008659620562018255,0.000575407573883727
588,0.0028857400961036384,-0.0029390811924448353,0.006436005135209099,0.010629809097841225,-0.0043373128739366594
589,0.003150360129243368,-0.003931632151731879,0.0077792656778076594,0.009936229284279608,-0.0023685485865807153
590,0.004423471981333737,-0.0010647841062594303,0.00819048251363245,0.0035124192411972975,-0.0022085417389257683
591,0.003309610787837814,-0.0025776966033238726,0.009271603316310018,0.011581927767724402,0.006136394798827686
592,0.0014563925634764696,-8.989167275454265e-05,0.004635905751024693,0.007548472782496995,0.004319437329661778
593,0.002915481113279434,-0.002380115445284853,0.008128075019765937,0.0012876926964043487,0.0020602010411528127
594,0.004135468788523485,-0.0026386397871766055,0.0112427913447001,0.0008105219997917017,-0.0014546027911119784
595,0.004755528921278053,-0.0012246580701892385,0.003092856427241224,0.0033646010533691074,-0.003575119097584235
596,-0.004897568355600836,0.0055338576223509395,0.016066424926807286,0.026711372337224572,0.02520502790701615
597,0.00014443290866394213,0.002429251645683912,0.009016457156566505,0.009626391892569013,0.012619066969118473
598,0.003258266526348034,0.0012112799302563823,0.005135322510645737,-0.0011891866581335237,0.007155516403923898
599,0.004478927121865188,-9.949174891062072e-05,0.0025511150768314232,0.003459187363410307,-0.009903647660824268
600,0.004117654211520072,0.0010937653127194272,0.006549444977986515,0.005225121658284126,0.0015032728191527649
601,0.00328900617626253,0.000491163686231676,0.0028077349004910117,-0.004505995813705743,-0.0021368001257138975
602,0.002362242435005423,0.0015739495917606768,0.005934672751457878,0.006797505878436548,0.003679219963679993
603,0.002899129463866394,0.0008114620213721253,0.010696282197744898,0.006010817911066715,0.00013022266318508084
604,0.0014267906356119934,0.0005760524527536642,0.0030054496882661644,0.003268502063197295,0.004463063944152643
605,-0.0010091252450565096,0.0011289397424830365,0.008131586307871799,0.012933588912136928,0.006124280568684278
606,0.0009421078071106673,0.0014789354612332335,0.005360173530153853,0.013475622543173974,-0.000766201984464954
607,0.00392400333734729,-0.001428379374175897,0.0076643736527868345,0.003354067873864932,-0.0032917311636366598
608,0.005447367968166994,-0.0020296777922685252,0.008059833001646219,-0.0017626290172663567,0.016195312333807336
609,0.007857098766870643,-0.0025420298121110194,0.0032653529772771702,-0.0065235982062838435,0.0005305078573576237
610,0.0055506345733008465,-0.0011277160459393753,0.006781471673051853,0.006625869828840888,0.0026006370722719114
611,0.004662442257157921,-0.00114662660256428,0.005309769302508353,0.002990080199024532,-0.00011323758362929603
612,0.002335807799449176,-0.0033223981887724988,0.009849710571143979,0.011460320482306675,0.007878980966793134
613,0.003029845129553564,-0.005351231374056612,0.006602637533579969,0.002941113668896086,-0.007681699717290028
614,0.0041889810250822,-0.003622985065174377,0.00918653990506229,0.0017958667558338358,0.007708542829199781
615,0.005681192782258235,-0.001526792353151219,0.0076790872783516284,0.012522498711698552,0.003580873049210175
616,0.005573259341356565,-0.0017230373577195343,0.007974301839503466,0.0118649824672416,0.0005193002949786645
617,0.005170426069991268,-0.001107174015615787,0.00027597641754160555,-0.0017355154318245422,-0.0024997782236565453
618,0.005688939244532279,0.0012608493163606923,0.004244702264800425,0.009021192608232784,0.0029021699383120466
619,0.005842693414637004,-0.0010575791759914954,0.008451853341546493,-0.0007875131784688567,-0.004098575729174692
620,0.004237974445286051,-4.383574161049333e-05,0.006566343832118083,-0.00028740136030335563,0.014950356493753961
621,0.0030983355579985977,-0.0004752770106335507,0.008146589760313875,0.015633765766904326,0.0014216572212347837
622,-0.00022692002598673683,0.001077842866659557,0.006557932282484914,0.009691069928542628,0.007111262036676772
623,0.003205278387026642,0.0007069227721251306,0.005958414162317701,-0.006186994451170435,0.0006970877311680557
624,0.002705822915057725,0.0009451139030079217,0.007140922720822868,0.008030486261298677,0.0026557902527770496
625,0.0028572556828419795,0.0013366719665151572,0.0030514663024055447,0.005506391084894226,0.017412674903872157
626,0.0027149608820337644,1.780679562442225e-05,0.007583040181673526,0.007611545541620809,-0.0061356494433943655
627,0.004221351639165688,-0.001131833047078458,0.0072469484696166256,0.007939589198165582,-0.005652124499617253
628,0.004850906735199448,0.0005068452773701637,0.007270522600843935,0.006673832530719919,0.013592546811233442
629,0.00340346816394354,0.0007645493263646732,0.003460607857166758,0.002116547881288872,0.007756488093235962
630,0.0031319907039195185,-0.003433065461081327,0.005969904390082171,0.004905905421155862,0.00896897419777523
631,0.002877510650844824,-0.0015295574740697582,0.002868636315865966,-0.006543679894020062,-0.003465935613855765
632,0.0009286328115086865,0.0002869763109842726,0.01200695759257018,0.010235798056316948,0.009672277736972643
633,0.00102989697413328,0.0014201263279010553,0.005454508763637674,0.00690885147120722,-4.8680398115651475e-06
634,-3.9069641690355225e-05,2.907248362894428e-06,0.007495968429140974,0.011889135532891108,0.006316192685477209
635,-0.0008382906667093089,0.00017501805177962186,0.009335255019796297,0.00609125428384418,0.014705353751937574
636,0.002140884853877051,-0.001005445953283943,0.007956797449674534,0.00542804727785811,0.0008599797799601024
637,0.005383743675442667,-0.0003634997936894062,0.0067100032033112055,0.003587460765511834,-0.009405916564367183
638,0.0035924302592277,0.0019118830181247912,0.005669341194719019,0.006298308010882963,0.010847001475748259
639,0.004002230535802287,0.0009779703169120642,0.00619000039275423,0.002720219661664262,0.01128011224774275
640,0.005552333312197413,-0.0018174934381551466,0.00907936969216753,0.0021087896306900313,0.002780539321190896
641,0.0034451543461564184,-0.0013944962344934406,0.005745219456272641,0.009306306412952822,0.006519615053437182
642,0.0028305112633090065,0.0021219736910268886,0.010507460473999123,0.007304749678348842,0.00026995987588981837
643,0.0039819065285407055,-0.0005827536448613771,0.006563753628663314,8.664532782913479e-05,0.007522629156677002
644,0.0005022425108313692,-0.0007338355138711601,0.004278244862794689,0.0035985753699365234,0.011365294410912474
645,0.003908677435975286,-0.0008871434079765117,0.005813448976176076,0.01027165552134128,0.007470591755914291
646,0.0031856555969084566,4.9277244536606536e-05,0.012149219547699415,0.009310389564328206,0.005169478331773148
647,0.0015326021199991563,-6.807035959115701e-05,0.00539419003680022,0.00159428769218068,0.015724293150830508
648,0.0032470170686738934,-0.003160973626364907,0.010236152878437016,0.004736788553859416,-0.0016531755728476601
649,0.003055139289621387,-0.0018699056008287939,0.004470129706606332,0.004471745367592614,-0.01870504393751922
650,0.002262350813537781,0.0005404830848864823,0.004014748337936453,0.0005757890792168508,0.01799925768630272
651,0.0028739088410867047,-0.00023364160376724527,0.005803212642473907,0.0017610234782255742,0.0077110221692312485
652,-0.0049905152699174634,0.004041062248759375,0.010850906390245177,0.02070112841800562,0.02281732638412195
653,0.0003321483948994835,0.00280371132444452,0.004626426733947586,0.0011324813366092974,0.006184011965354208
654,0.0020400379450618146,-0.001193953663158144,0.007172645993276793,0.0016193373886889389,0.013496068346304265
655,0.0027227036756398266,-0.0028631444859157805,0.007797521253154296,0.008416352161515862,0.006298967036242388
656,0.000509128624292593,0.001651911702739764,0.0015688136939494975,0.008106195460165397,0.007077722400259831
657,0.003461317616933101,-0.0006287231996212554,0.0035150300881262118,0.002677327279714999,-0.0043397275168290134
658,0.0017040432838935913,0.00012395853505314325,0.004166834485946423,0.0010636061155032861,0.015455061097084928
659,0.0030541141948456194,-0.00019479125582646015,0.006188952335937289,0.002938209752079742,-0.00017706755740576243
660,0.002737792159845832,-4.197137491510643e-05,0.0016128418111239855,-0.002105738311412903,0.0041484549926619615
661,0.0026398843732263737,-0.0006581817901659353,0.005451635216331695,0.015898239635173825,-0.0011101194140325425
662,0.002200648203172471,-0.0001877437932257667,0.006420505604285293,0.005086082166266033,-0.0008841380641288062
663,0.002334504315602744,0.000780341195372157,0.004002070339928106,0.01316858569545042,0.0015311452539728695
664,0.002469133998592583,0.0008662129637741096,0.006693233758235499,0.0032967518492496664,0.0094612021901919
665,0.004544456429909118,-0.0006011641101470165,0.007506725489655407,0.011838692957204027,0.0011926215746637027
666,0.0038165195665620386,-0.0003019960089487859,0.00429054549792408,0.0061434087216577105,0.0055737578885871695
667,0.0036150141380900253,-8.809266274778499e-05,8.647815426288267e-05,-0.013915922633520659,0.010042858691088568
668,0.004614659185668009,-0.001398338202247126,0.012753402106402781,0.011056546311848678,-0.0032288849006710065
669,0.00510251240387143,0.0002924966924390722,0.005359578751553764,0.006148868144543602,-0.0041596053815270515
670,0.004548771762082497,-0.0013007539816941437,0.00632444873089295,0.000727194058382769,-0.00430579097902071
671,0.0034914228898708963,-0.0005620595489466245,-0.0010538749700010146,0.006528748649048189,0.0044824056458343305
672,0.0019061525951997462,-0.002997326975992711,0.0037398984520860645,0.0046206138209953515,0.0018905149960894716
673,0.0044222751204221365,-0.0042281486513237945,0.007860962440302889,0.006315685193408165,-0.007090106305908252
674,0.003517582458188546,-0.0029654906346850067,0.005402075302559616,0.004887448116636394,0.0058122128453787615
675,0.0016834985222895598,-0.0017524121627883755,0.002319990434491117,0.005550285868068164,0.0008453112473848916
676,0.0028608510343584347,0.00105926956211359,0.006175004250881502,0.007536714917629792,0.010283086342794841
677,0.0017681361384851157,0.001139395490793814,0.005933056297974235,0.008464347606077104,0.0038977186488103584
678,0.0037474408381704817,0.002000667992636519,0.009065012190036087,0.010651168211199451,0.014620695031286431
679,0.0020280813676326944,-0.0005456074725321483,0.004305490151874308,0.004220903582858564,0.004301409293316835
680,0.0043912663117115286,-0.0006951956190398385,0.004193307722994253,0.0013059888721001587,0.005902554240686025
681,0.0046910313505836715,-0.0014312702358272576,0.0043424104894197,0.009404703289108458,-0.0005232517768364717
682,0.004345193366349624,0.00024996455213833216,0.004661153029187475,0.00028604453872677554,0.0062551732861158395
683,0.00348687136163381,-0.0010736251539147131,0.006282183745289937,0.005125153549013363,-0.007291784086839513
684,0.002300095994216096,-0.0004409844229176737,0.00579878349824425,0.010733485950198131,0.012171343996416307
685,0.003032433160837119,0.001322185149245209,0.004497755929836316,0.009320429065340361,0.01497146991840597
686,0.001726962955625058,-0.0010344684848538224,0.005828384505092822,-0.001830744541594503,-0.0017428255560297085
687,0.0037674156911087432,-0.0004962343036516792,0.0039379525829319785,0.004043443888508633,0.002774032345207621
688,0.001458727180131927,-0.0003985654356488639,0.0070142919150635395,0.005565356176090131,2.5359376741062736e-05
689,0.002560237825951455,0.0001545676018862157,0.005297763003748774,0.003211183190110767,-0.006810634961144514
690,0.0015812742106016183,-0.0034205807175058025,0.0049835672451625495,0.003965465494327594,0.008085238134434307
691,0.0029037299117106283,-0.0021526475100666262,0.0030833701545385493,0.00448597140682887,-0.005870464785435121
692,0.0018599752484042011,-0.001972191219144139,0.0020532872901887485,-0.001415431463896293,0.012131528167106196
693,0.002069623186075107,-0.0017436100461548632,0.00808636583029896,-0.0023935356503178742,-0.0030586581487708087
694,0.0017367010872725477,0.0007682282902383035,0.003629421431147284,-0.00019293952202649253,0.014613469226391885
695,0.003050443175524813,-0.001332546717206867,0.006395908343310567,0.014038483518809108,-0.0034278974276243895
696,0.0014184379281292562,-0.00019748193873819338,0.002946943861675543,0.0006750935276503005,0.015231570973293437
697,-2.462274504402972e-05,0.0011485349661811122,0.005299402206808718,0.0041445826920642765,0.005521476543133945
698,0.00013718296473051207,0.0017737646604284265,0.006726160998903626,0.011956420167459287,0.01055438656374715
699,0.004185659693952183,9.375905786380573e-05,0.008753434246876572,0.009866408904185399,0.003333348991591881
700,0.0016199231315981082,-0.0007262398857779459,0.005189664117318444,0.012336213717678426,0.00032130443426295054
701,0.0032251080119665623,0.00020125210528299244,0.007038000891873884,0.016120400449406335,0.00518052831059256
702,0.002282340467289072,-0.00037842043325377034,0.005771664701219572,0.0033740885518728937,0.009981690593674127
703,0.002106348528736954,0.0005802996226799619,0.0030579969735174553,0.011652046714438587,0.014177575534068121
704,0.0009586975052375964,0.00024625247673155557,0.010252515980752473,0.011301512762063095,0.01431227337927856
705,0.0027214629044909843,-0.0010863205539052008,0.007747207355764889,0.0132854833377376,0.005893251538385553
706,0.0019226327461960041,0.0009549456718041704,0.005661931540116233,0.015372487883332947,0.00955069895641114
707,0.0007615184221723114,0.0006506140405438505,0.007725835923304026,0.019302915714225325,0.0013699699397940201
708,-0.003943244274279643,0.0020836245404246448,0.005904907941904945,0.005429209052763855,0.017283254459194538
709,-0.0005346846942762768,0.0012109236004136017,0.003046896889231878,0.006511500579438772,0.005964979057607076
710,0.0018502817617205537,-0.001926298054462251,0.0069957530956655375,0.0066709498494819525,-0.005705886673363889
711,0.005480845805995587,-0.0012366758221649865,0.0017369216840666638,0.008225274045597843,0.0027706922360065814
712,0.002573689181478378,-0.000332325110534494,0.004448100570234936,0.0007057234542515975,-0.005772156755579293
713,0.001988956172083589,0.0008546693767361961,0.005274609667109758,0.011965489444314834,0.007051797073079458
714,0.0005185490178540436,-0.0006917775570831429,0.001769489362870321,0.002478740680581653,-0.0012094394635393762
715,0.0019580025723138984,-0.0002216535321423359,0.0050056761806804035,0.005466831226892912,0.007611796845143028
716,0.000857880509547354,-0.0009414950554145131,-0.0008170353918975482,0.004242451164932706,-0.0016957163896361772
717,0.00045664699467239697,0.0008484599269945896,0.003650122482641517,0.0035696235384575325,0.013954873906550775
718,0.0006883047215835739,0.0018859669124237904,0.007089001143677297,0.004181145654564242,0.012845362831883788
719,0.0017028638101280016,0.00217802526505041,0.0019068238889638923,0.004408033245160593,0.009445100602559915
720,0.003192865562505888,-0.002167465833240328,0.008298183584463421,0.001969826933849951,-0.00041074101823056073
721,0.00311228783573088,-0.00018475563742426177,0.003128411714197269,0.005307557910248363,0.003470126992936517
722,0.0029349783065295643,0.0007679781206806276,0.005771580050315884,0.011392282663041965,0.013593097763647777
723,0.001425223540888714,-0.0019499638904443353,0.0047001131684881094,0.011831021236792218,0.0034716080360296464
724,0.002909238995334962,-0.00019546580958710834,0.006372857464837977,-0.004122742927720662,0.012514859206791766
725,0.0034083934337742726,0.00019026213422284737,0.0007929507541639638,-0.0013276971721623352,0.002670377673472087
726,0.002837122292042862,0.0003063889321947539,0.00733401815641622,0.006311884633842947,0.008661394469310399
727,0.0034171379769928276,-0.0005143315028137763,0.009721858438564965,0.0013164766946158928,0.0049821876994234
728,0.0015053667641992186,-0.002096601654466185,0.004673160352425088,-0.0015101319267517357,0.014204930370745557
729,0.004224127169878965,-0.0015341684701379943,0.005433331141572469,0.0032491908572922492,0.0017400842494358756
730,0.002922554468300103,-0.00027457182659207597,0.004461981533517759,0.0034955037240369307,-0.00791856473961909
731,0.0022945864066906234,0.00010138714497048536,0.001218656489753056,0.01362867000706794,-0.000882011803088585
732,0.0008095109460603871,-0.004229004920891266,0.0039126128831491885,0.0011760517275872546,0.0031453589531703625
733,0.0012915391451410034,-0.0013834929305476897,0.006657188351411125,0.0028152027460471773,0.0023494293545300157
734,0.0008544223685380773,-0.0026126378623936484,0.012127347343409584,0.010652676064424289,0.02144383871709245
735,7.430449803729513e-06,0.00041623962626354926,0.004515339565349422,0.003874548045248868,0.009028924004594386
736,-1.0334193107163363e-06,-0.0007018769621164702,0.009114170339104943,0.016297723143137818,0.010024363003731818
737,-0.0011324285012897367,-0.0019134604534956827,0.0029661841173548257,0.008245836375591403,0.004667861977716295
738,0.0015502714258356746,-0.0004979449645264235,0.008577793725165424,0.0057773129959341986,0.005279240899496863
739,0.002731471263850483,-0.0022335580019778208,0.005291330691998427,-0.00102178923209059,0.005363041304539364
740,0.0025198392415053763,0.0015637311791040828,0.005019114477273245,0.004325685665436747,0.004196073712652154
741,0.0018631164241724163,0.0006894966316683223,-0.0016845323629788318,0.0009052927452599949,-0.00088193337268207
742,0.004266815686217267,-0.0009339427135045735,0.006652645884422367,0.0007742476862238308,-0.005865765017675566
743,0.0031164478040294234,-0.00037382791669030165,0.007071621935628978,0.00023095429710204567,0.0009194347456567883
744,0.0030913346987496006,-0.00012301582673458566,0.0034453793742203424,0.010672298816045853,0.0026791632001963417
745,0.0020883203043279893,-0.00018945654193112702,0.0008337280852793967,0.00698856232015773,0.0017757590609381014
746,0.0027637802111330602,-0.00021413697995518002,0.0031665422400787803,0.004936478470260382,0.00912160013844174
747,0.0017968728264630576,0.0014592073844030679,0.004886527322535384,0.011967512132487026,0.011004146357662977
748,0.0005840843518863864,-0.0020530691339746125,0.010611104660480637,0.00841048306241358,-0.0011530334811013384
749,0.0030478505953334197,8.240148036598229e-05,0.006121258861339779,0.0035851824754574045,0.0036034004448220838
750,0.001147941776295449,-0.003206979433612511,0.00545741597243886,0.006765511917018143,0.006252989108906391
751,0.00036805027333460406,-0.00023641143232894642,0.003569864579137327,0.006917829908462573,-0.00249830632244316
752,0.003131203240962706,-0.0017567256953075691,0.002309724093733403,0.009250616694023056,0.009345846946889003
753,0.001629972106127109,0.0005624195056706142,0.0014586612634057388,0.01126781566185357,0.006624064223840198
754,-0.0019395137973951151,0.00208602372935415,0.004446426705998068,0.015993006398727853,-0.0006477598565302069
755,0.001411290553872355,0.0005971767409288577,-0.00011905150691231991,-0.0014401190776812019,0.0061523184529126106
756,0.0003579869663662005,-0.001493113271275478,0.0052713397494265615,-0.007264096889592704,0.0023456439167237947
757,-0.0002511061715625261,-0.0010267971760383721,0.0017597677829779492,0.0019823950923782106,0.005339043417995561
758,5.861740916030868e-05,-0.0012042753311715866,0.008135348982773787,-0.006324160529818768,0.007873556380802667
759,0.0009750233305771561,0.0012149929381137026,0.002551362071313053,-0.008745959230291025,0.002949323867737572
760,-0.0001158469534886978,-0.001476554851327435,0.006053908307412873,0.0031993193587891355,0.0019823422937238883
761,0.0036614543379181234,-0.0010317232622746792,0.005474839496850395,0.005971838733663042,-0.004103213996317567
762,0.002990886957380705,-0.00014738462016114599,0.00332971360171625,-0.001810989486385783,0.015487869525001113
763,0.0002209026074576675,-1.7263926532779393e-06,0.008577851762117844,0.0025684499521755866,0.004970337436851694
764,-0.0006096466300081886,4.857187819461035e-05,0.008797028657643263,0.010739492227122113,0.019595486779507114
765,0.00038030359497256164,-0.0005744124982910869,0.0059181779804617085,0.0069057088692967145,0.0031314208859434815
766,0.00220741014089061,-0.001246527980457195,0.00913493281631973,0.005193586242774728,0.007724504031109586
767,0.0021432481473355287,-0.0006086459473934247,0.0009805611004472224,0.009402009076181212,0.0012370545119711148
768,-0.0005312671203395481,0.0004340000003534543,0.0064628776529395745,0.0027705237542882196,0.006273765274447298
769,0.0009974721438026134,0.00010849561126850205,0.005234868954621967,0.00897359229768762,0.008504015116734598
770,0.0015272451199715307,0.00046635521334547876,0.004268870547124342,0.00844583858889729,0.0075158351351436855
771,0.0009159672665694042,0.0009841210226979712,0.005348069759338139,0.00597054136697887,-0.0029740202717368335
772,0.0036197936304337617,-0.0005072262323358838,0.005728768294284486,0.009301646622945688,-0.00379082209632929
773,0.002705177028745652,0.0008714314613617349,0.004347388979592724,0.008177221501228935,0.0010354728072487298
774,-0.0023991918429536927,0.0003499945615193601,0.001886769380914566,0.011876947672072712,0.004726307572666738
775,0.0013832328698475545,-0.0001842102407342154,0.004185812736661058,0.0044644987276751735,0.0021576814321337704
776,0.0020833922415754934,-0.0014936718183903741,0.006158393109851493,0.005227927805022845,0.007496732629364301
777,0.0020287852854783397,-0.001651275744396247,0.008670591528486909,0.003874457650849842,-0.003087221345071416
778,-0.0012956020345585753,7.054703961553054e-05,0.00600617386929073,0.015356324629170717,0.021564195944575936
779,0.0005446572688061391,-0.00019894646890658807,0.004404653318599304,0.0032579027622039254,0.006540547576781147
780,-0.00020755498317350676,3.84853972632171e-05,0.005527703608893111,0.005532391254096261,0.011457776050224673
781,0.0020920814240988892,-0.0008286627156303886,0.0051067112323669684,0.005416731742981963,-0.005729238612102237
782,0.001931228741985209,-0.0009638914112702143,0.0038923577856087893,0.005836958432665601,0.02267471498364407
783,0.003363602673265314,-0.0008215011634183442,0.005701310690228243,0.0037469709744894133,0.0013921005725655257
784,0.0025378514672594467,0.0005209368428194625,0.0042727538544819876,0.011238592264519297,-0.0038807202725843937
785,0.000633794416255311,-0.0024099639700787367,0.004486847908660431,0.009787240925477966,0.0012410324146960162
786,0.0006781683906402253,0.0006626624512066378,0.00313734534093977,0.00393057536589062,-0.0014479730197429685
787,0.0034402396043301526,-0.0014596017849145908,0.006460695487465553,0.01569955472350317,0.011514441412413638
788,0.0029665102119709502,-0.00037241948481055783,0.004113671934472022,0.0012803570524867454,-0.00568631602094157
789,0.0017630155349135782,0.00018355939287743197,0.005612492472727961,-0.001646462581436489,0.004068212223424558
790,0.0007793430277118087,0.0012968092609608778,0.004129953602353918,0.009027645636744233,0.0005507888005557502
791,0.0001439471690872792,0.0007923745732730908,0.008914644181145208,0.007509723569710937,0.0008880863592601177
792,0.0023144913301634505,-0.0009486894234561615,0.00770621897755438,0.013794757953853575,-0.001754183090240068
793,0.0024499420236859773,-0.0014047527417666106,0.002864797931650335,0.0018483078894168939,-0.001257232868599954
794,0.00012914994968505928,0.0014920911388463045,0.005157370612347792,-0.0022140882111097984,0.005161498338866961
795,-0.0004932498083749235,0.0008801275938823735,0.0063002624788960375,0.0054197584185282895,-0.0056145366346255455
796,0.001192045866115681,-0.0005202480676239905,0.003436545663628125,-0.0011369961379092146,0.017954732304931595
797,0.002458906202439712,-0.00016870634238954832,0.00633825694828717,-0.012575691535140824,0.011243196547199229
798,0.002576047869931423,-0.0007120023725652132,0.0062260902136806505,0.010432055375492731,0.0024537668292891244
799,0.000831168882910822,-0.0006849524075186632,0.005487832515503579,0.0038767486047633064,0.004789742718334228
800,0.0030522414182553295,0.0013173285642773187,0.0022534898698624677,-0.0035675370885298523,-0.004410247729265163
